Cpptraj Generated trajectory                                                    
  25.510  26.520  24.620
  26.042  26.371  24.130
  26.224  26.964  24.287
  25.721  27.569  24.752
  26.495  26.715  24.888
  25.706  26.999  24.451
  26.606  26.045  23.566
  26.388  26.347  23.334
  27.048  24.655  24.400
  26.927  25.739  24.209
  26.156  26.260  24.521
  27.477  25.946  24.019
  26.974  25.471  23.610
  26.849  27.369  23.645
  26.590  26.907  22.971
  26.526  27.295  23.913
  25.698  27.571  23.452
  26.485  28.007  22.757
  26.601  26.876  23.801
  26.254  26.857  23.831
  26.538  25.421  23.223
  26.436  24.672  22.844
  26.653  24.216  23.286
  26.864  23.838  23.059
  26.387  23.862  24.317
  25.754  23.528  24.219
  25.360  23.489  25.033
  25.427  23.107  24.630
  25.462  23.692  24.708
  25.624  23.409  24.586
  25.113  22.608  23.731
  25.201  21.991  24.008
  25.344  21.759  23.373
  25.624  22.036  23.232
  25.753  22.224  23.643
  25.991  23.388  23.658
  26.160  22.551  23.423
  25.590  21.688  23.033
  25.576  22.517  24.149
  25.553  23.397  24.212
  25.926  24.071  24.841
  26.408  24.707  23.178
  26.268  24.690  23.043
  25.768  25.059  23.710
  26.160  25.053  23.578
  25.676  25.357  24.018
  26.118  26.023  23.960
  25.294  26.333  24.490
  25.820  26.064  24.330
  26.463  26.095  24.032
  26.302  25.260  23.168
  25.785  24.687  22.722
  26.243  24.066  22.915
  26.377  23.425  23.342
  26.025  23.473  23.630
  26.104  23.247  24.200
  25.259  23.154  24.078
  25.361  23.995  25.037
  24.914  22.928  26.111
  25.302  23.188  25.889
  25.664  23.328  25.549
  23.820  22.029  25.860
  24.794  23.264  26.512
  24.452  21.886  26.909
  25.327  22.594  25.607
  24.748  22.164  26.084
  24.062  22.856  25.968
  23.635  21.667  26.032
  23.386  22.020  26.900
  22.684  21.032  26.725
  24.019  21.225  26.061
  23.611  21.350  26.375
  23.770  21.813  26.246
  24.427  21.685  25.391
  24.210  21.120  25.842
  23.551  22.811  26.707
  23.416  23.594  27.869
  24.580  24.357  27.100
  24.781  24.556  26.747
  24.621  23.256  25.964
  24.474  23.513  26.693
  24.359  23.466  26.022
  24.803  25.123  27.033
  25.225  24.002  25.873
  25.230  23.523  25.340
  24.650  22.838  26.196
  24.947  23.253  25.915
  24.588  23.157  26.255
  24.459  22.958  26.478
  25.176  23.930  26.206
  25.026  24.226  26.036
  23.883  23.311  27.124
  23.112  22.332  26.961
  23.891  23.696  27.070
  24.257  24.376  26.353
  24.472  23.796  26.388
  24.098  24.233  26.700
  24.323  23.296  26.520
  24.323  23.655  25.929
  24.486  24.051  26.262
