#Frame       SA_00001
       1    1408.1533
       2    1395.1973
       3    1396.9845
       4    1369.0989
       5    1392.6716
       6    1404.0972
       7    1401.4574
       8    1378.4641
       9    1417.5898
      10    1421.7446
      11    1413.1789
      12    1396.0745
      13    1443.8833
      14    1392.7262
      15    1372.6975
      16    1448.1120
      17    1400.0607
      18    1424.0277
      19    1402.7746
      20    1396.4543
      21    1422.6364
      22    1459.4470
      23    1420.3077
      24    1393.9670
      25    1448.1319
      26    1483.3609
      27    1437.2979
      28    1476.6373
      29    1445.5067
      30    1415.7527
      31    1470.5386
      32    1456.3813
      33    1465.2961
      34    1410.9753
      35    1467.7594
      36    1429.3041
      37    1444.0497
      38    1427.2996
      39    1423.0315
      40    1434.9152
      41    1420.4558
      42    1430.0352
      43    1448.1550
      44    1443.2289
      45    1395.8208
      46    1399.3731
      47    1441.7002
      48    1457.4525
      49    1486.4413
      50    1479.3909
      51    1523.3057
      52    1452.6190
      53    1453.1107
      54    1486.7217
      55    1475.1827
      56    1483.6994
      57    1497.7178
      58    1451.0734
      59    1498.8431
      60    1539.6684
      61    1536.9250
      62    1502.3956
      63    1539.1049
      64    1493.2341
      65    1512.9817
      66    1516.1653
      67    1472.7857
      68    1499.1674
      69    1503.5534
      70    1498.2488
      71    1491.2980
      72    1491.5292
      73    1501.3752
      74    1471.9380
      75    1461.8787
      76    1477.8974
      77    1526.5841
      78    1506.4953
      79    1482.3125
      80    1463.8513
      81    1512.7590
      82    1445.9894
      83    1488.1684
      84    1500.8386
      85    1471.9812
      86    1398.2312
      87    1497.0544
      88    1477.9714
      89    1446.3984
      90    1532.8919
      91    1510.8697
      92    1472.2221
      93    1490.4877
      94    1450.9705
      95    1499.1107
      96    1465.6219
      97    1429.5129
      98    1464.6228
      99    1452.6529
     100    1482.4663
