#Frame       SA_00001
       1    1475.9227
       2    1498.5359
       3    1506.0781
       4    1491.9967
       5    1443.3101
       6    1474.4117
       7    1437.7846
       8    1449.4750
       9    1494.6010
      10    1526.4534
      11    1505.5829
      12    1455.2219
      13    1471.3803
      14    1485.5494
      15    1453.6290
      16    1447.3178
      17    1455.9980
      18    1443.4356
      19    1423.5454
      20    1446.3911
      21    1419.8040
      22    1468.6861
      23    1482.8950
      24    1427.7500
      25    1410.8200
      26    1422.0065
      27    1384.0316
      28    1395.0731
      29    1427.4125
      30    1391.7804
      31    1416.6167
      32    1408.9209
      33    1462.1042
      34    1460.8758
      35    1465.1547
      36    1425.9194
      37    1450.8329
      38    1427.0517
      39    1451.5253
      40    1473.5989
      41    1483.8172
      42    1436.9193
      43    1455.6479
      44    1441.9034
      45    1471.6087
      46    1448.6076
      47    1469.1642
      48    1455.3354
      49    1405.7815
      50    1409.3397
      51    1464.7948
      52    1428.0023
      53    1402.2673
      54    1400.5879
      55    1402.6608
      56    1525.7245
      57    1466.6683
      58    1467.9702
      59    1458.6693
      60    1453.7490
      61    1450.8578
      62    1451.3330
      63    1500.5788
      64    1462.1611
      65    1417.4132
      66    1443.4952
      67    1443.9427
      68    1478.1096
      69    1465.3376
      70    1495.5901
      71    1441.5076
      72    1489.3172
      73    1464.3606
      74    1494.3538
      75    1484.7888
      76    1536.6979
      77    1537.4774
      78    1581.9619
      79    1571.5698
      80    1501.5308
      81    1539.7088
      82    1501.4344
      83    1515.0306
      84    1449.4657
      85    1409.3488
      86    1433.8419
      87    1451.5748
      88    1395.1735
      89    1430.5846
      90    1387.4345
      91    1432.7278
      92    1375.2250
      93    1445.8517
      94    1417.0599
      95    1440.6493
      96    1436.2024
      97    1419.8080
      98    1416.4617
      99    1380.3230
     100    1497.1965
