Cpptraj Generated trajectory                                                    
  29.930  26.450  21.370
  29.311  26.697  20.831
  29.642  26.219  21.031
  30.754  27.084  20.451
  30.993  26.952  20.312
  30.775  27.100  20.398
  30.684  26.145  20.530
  30.320  26.735  20.464
  29.636  26.696  20.265
  28.829  26.559  20.101
  29.030  26.924  20.257
  30.075  27.325  20.066
  30.678  27.238  20.045
  31.115  27.156  20.061
  31.394  27.544  19.591
  30.858  28.129  19.134
  30.717  28.620  18.980
  30.383  26.862  20.078
  30.726  26.461  20.572
  30.288  26.244  20.881
  30.256  27.091  20.398
  30.897  26.534  20.093
  30.689  26.646  20.393
  31.780  26.889  19.693
  31.224  26.698  19.770
  30.230  26.680  20.631
  29.129  26.868  20.487
  29.720  26.541  20.897
  29.977  26.939  20.669
  30.817  27.284  20.403
  30.989  27.081  19.567
  31.055  26.568  20.060
  31.094  26.686  20.002
  32.134  27.275  18.529
  32.593  27.060  18.793
  32.078  26.825  19.355
  32.226  27.117  19.235
  31.396  27.499  19.691
  30.542  27.034  19.771
  31.784  27.145  19.068
  32.287  26.980  18.794
  31.699  27.364  18.886
  31.404  27.680  18.037
  32.529  27.263  18.069
  31.571  28.204  17.403
  31.963  26.937  18.700
  31.338  27.515  18.809
  31.035  28.059  18.762
  30.627  27.268  19.056
  30.262  27.661  19.104
  30.232  28.147  18.289
  31.440  27.934  18.149
  30.890  27.125  19.284
  30.709  27.926  18.838
  31.239  27.411  18.791
  29.973  27.063  20.500
  30.048  27.208  20.429
  30.136  27.809  20.149
  30.867  27.021  20.205
  29.708  26.258  20.789
  29.979  27.260  20.520
  30.642  26.331  21.161
  30.382  26.565  20.612
  30.520  26.415  20.727
  29.779  27.052  20.900
  30.251  26.807  20.908
  30.671  27.433  19.772
  30.820  27.588  19.894
  30.388  27.669  19.888
  31.238  28.426  18.388
  30.410  28.223  18.538
  31.167  27.606  19.422
  32.091  26.178  19.485
  32.063  27.001  19.346
  31.552  27.040  19.898
  31.204  27.595  18.730
  31.386  27.500  18.813
  31.647  28.415  18.246
  31.266  27.848  18.413
  31.836  27.245  18.721
  31.499  27.833  18.741
  31.262  27.969  18.661
  31.124  26.968  18.905
  29.990  26.630  20.230
  30.639  26.631  20.060
  30.733  26.645  20.130
  31.038  27.309  19.925
  30.886  26.809  19.991
  30.426  27.670  19.883
  30.657  27.067  19.772
  31.064  27.690  19.040
  30.126  28.028  19.293
  31.664  27.648  18.142
  31.546  27.393  18.212
  31.197  27.133  19.284
  30.866  27.537  18.837
  31.549  27.313  18.236
  32.418  26.277  17.987
  31.774  26.125  19.658
  32.297  26.564  18.031
