#Frame       SA_00001
       1    1514.8978
       2    1509.6757
       3    1509.9989
       4    1473.6344
       5    1443.4839
       6    1482.3115
       7    1438.5887
       8    1402.0747
       9    1470.9970
      10    1408.6241
      11    1453.2424
      12    1457.4830
      13    1418.2103
      14    1440.5868
      15    1440.2184
      16    1406.9480
      17    1514.7947
      18    1453.9005
      19    1390.7626
      20    1465.9762
      21    1485.8318
      22    1485.2625
      23    1486.8845
      24    1435.0882
      25    1484.6040
      26    1431.8124
      27    1448.1890
      28    1462.9040
      29    1449.2085
      30    1478.4894
      31    1458.4508
      32    1489.5874
      33    1488.2812
      34    1481.2849
      35    1439.4348
      36    1478.1806
      37    1467.0512
      38    1418.6649
      39    1357.8072
      40    1373.7732
      41    1396.8308
      42    1408.1929
      43    1364.8682
      44    1345.6488
      45    1369.3851
      46    1372.4875
      47    1396.0747
      48    1356.3454
      49    1408.8528
      50    1404.8220
      51    1404.9923
      52    1356.5792
      53    1373.0449
      54    1357.4964
      55    1405.7830
      56    1415.8125
      57    1333.1020
      58    1346.2796
      59    1423.9763
      60    1358.9323
      61    1402.4273
      62    1393.8202
      63    1421.5865
      64    1425.9712
      65    1380.9480
      66    1375.5515
      67    1425.0815
      68    1414.0043
      69    1410.7493
      70    1460.0333
      71    1420.7206
      72    1364.6323
      73    1407.2951
      74    1410.2904
      75    1426.8889
      76    1457.2411
      77    1446.3781
      78    1452.9372
      79    1364.9927
      80    1443.5179
      81    1404.9932
      82    1420.5408
      83    1442.6316
      84    1389.1650
      85    1368.5049
      86    1370.1333
      87    1427.3107
      88    1404.6759
      89    1426.3998
      90    1443.1055
      91    1384.6378
      92    1350.8264
      93    1393.7109
      94    1385.0597
      95    1377.7827
      96    1364.9608
      97    1372.6792
      98    1322.2641
      99    1313.7147
     100    1361.7107
