Cpptraj Generated trajectory                                                    
  33.790  22.120  20.990
  33.736  22.226  21.017
  33.632  22.711  21.664
  32.052  22.890  20.749
  32.167  21.927  20.562
  32.542  21.768  19.918
  32.650  22.359  19.634
  31.826  22.771  19.594
  31.837  21.843  20.262
  32.764  21.114  19.133
  32.820  22.121  19.879
  32.056  20.952  20.171
  31.909  21.721  19.844
  32.425  22.803  20.448
  31.425  22.186  21.710
  31.909  21.525  21.384
  32.478  21.605  21.024
  32.903  21.422  21.027
  32.591  21.804  20.656
  32.771  20.267  21.352
  32.819  21.203  21.844
  32.883  22.878  20.826
  32.662  22.783  21.983
  32.968  21.514  21.506
  32.244  20.121  21.403
  32.627  20.339  20.838
  31.851  20.461  21.240
  32.596  21.167  20.676
  32.468  21.458  20.566
  32.516  20.610  21.026
  32.365  20.830  21.328
  32.427  21.063  21.185
  32.141  21.018  20.757
  32.802  21.888  20.269
  32.077  21.594  20.077
  32.178  22.517  20.045
  32.823  22.143  20.365
  32.477  22.503  19.484
  32.802  22.494  19.919
  32.149  21.972  19.821
  32.257  22.602  19.924
  32.866  22.632  19.713
  32.551  23.248  20.203
  32.612  21.733  19.746
  33.145  22.658  20.391
  34.024  21.778  20.576
  33.041  21.511  20.108
  33.231  20.529  19.861
  33.193  20.397  19.261
  32.670  19.549  19.824
  32.261  19.528  20.306
  33.044  19.981  20.421
  32.218  21.101  20.689
  32.405  20.721  20.571
  32.260  20.755  20.848
  32.971  20.640  20.513
  32.831  21.562  20.701
  32.572  20.359  20.206
  32.903  21.347  20.086
  33.395  22.121  21.018
  33.239  22.370  21.289
  33.219  21.966  21.921
  33.089  21.972  22.209
  33.300  20.659  21.883
  33.114  21.052  21.774
  32.970  20.873  21.505
  32.119  19.888  21.497
  31.982  22.201  21.832
  32.158  21.411  21.265
  31.710  20.873  22.002
  31.975  22.179  22.351
  32.089  20.973  21.246
  32.293  19.982  21.082
  31.762  19.997  21.568
  31.622  19.928  20.658
  32.483  20.198  21.054
  32.131  19.740  20.847
  31.667  20.047  20.203
  31.706  20.531  19.547
  31.693  20.390  20.517
  32.293  20.590  20.600
  30.728  20.698  20.845
  31.403  19.772  20.917
  31.877  20.218  21.192
  31.599  22.010  20.826
  32.578  21.679  20.243
  33.064  22.171  20.523
  32.088  20.353  20.742
  32.325  20.147  21.130
  32.064  20.406  21.174
  32.096  20.011  20.957
  31.822  20.395  21.958
  31.994  19.584  21.162
  32.209  20.837  21.296
  31.868  21.379  21.555
  31.666  19.692  21.487
  31.218  19.366  20.728
  31.516  19.136  21.767
  31.689  19.364  21.006
  31.906  18.585  20.220
