Cpptraj Generated trajectory                                                    
  31.650  20.930  19.690
  31.570  20.127  18.556
  31.808  21.098  17.545
  31.845  21.977  17.550
  32.335  23.214  17.165
  32.000  24.075  16.972
  31.315  25.337  18.814
  32.183  23.211  17.983
  31.641  24.084  18.481
  31.241  24.291  17.728
  31.044  25.571  16.690
  31.878  24.265  18.679
  31.512  23.229  17.330
  31.126  23.432  17.954
  31.146  24.497  18.565
  31.374  23.814  18.379
  31.529  23.548  19.282
  31.780  24.998  17.476
  31.835  24.769  17.815
  31.496  24.736  18.196
  32.031  24.575  17.649
  31.439  24.139  18.473
  32.075  23.882  18.071
  31.752  25.130  18.336
  31.621  25.111  19.217
  32.021  24.809  18.556
  31.599  23.683  18.211
  30.942  24.061  18.508
  31.121  23.319  18.570
  30.872  23.603  18.128
  30.597  24.172  18.586
  30.712  23.748  18.942
  30.588  22.380  19.631
  30.702  21.910  19.753
  30.472  22.190  20.335
  30.382  20.748  21.024
  30.613  20.769  20.657
  29.984  20.297  20.625
  30.231  19.820  20.888
  29.594  18.406  21.440
  29.503  18.049  21.411
  30.314  18.251  20.398
  29.842  18.332  21.157
  29.550  18.537  20.680
  29.079  18.365  21.281
  29.217  18.280  20.636
  28.800  17.146  21.290
  29.733  17.901  20.823
  29.584  17.844  21.387
  28.717  17.728  21.949
  28.241  17.860  22.741
  29.021  17.412  21.546
  28.449  17.361  21.857
  29.473  17.812  21.160
  28.941  18.028  22.103
  28.936  17.450  20.768
  29.786  17.790  21.090
  29.960  17.342  20.883
  28.455  16.359  21.472
  29.264  16.698  21.441
  29.062  18.250  20.731
  28.703  17.694  19.693
  29.378  18.423  19.221
  29.481  18.355  20.218
  30.757  20.124  19.222
  30.337  19.096  18.740
  30.432  20.634  18.694
  30.314  18.813  18.986
  30.216  18.492  19.523
  30.034  18.715  19.494
  30.104  18.726  18.838
  29.392  19.564  18.933
  29.495  19.047  18.551
  30.340  19.217  18.395
  29.236  17.311  18.671
  28.810  17.788  18.035
  29.993  17.728  19.246
  29.909  17.986  18.701
  30.250  18.475  19.042
  30.506  18.968  17.607
  30.411  19.651  17.347
  30.522  18.973  18.898
  29.779  19.534  19.222
  29.876  18.470  20.723
  29.989  19.081  20.650
  30.178  19.313  20.627
  30.370  19.196  20.152
  29.953  18.964  20.455
  30.661  19.778  19.008
  29.634  20.553  19.864
  30.959  21.132  18.669
  31.291  19.622  18.954
  30.632  20.315  19.897
  31.080  21.133  20.748
  30.841  21.575  20.267
  30.597  20.747  20.225
  31.175  21.947  18.687
  30.079  22.055  19.856
  29.869  20.900  20.760
  29.526  20.086  19.806
