#Frame       SA_00001
       1    1454.2729
       2    1443.3139
       3    1440.4156
       4    1443.6238
       5    1487.9202
       6    1454.9601
       7    1456.2699
       8    1418.3918
       9    1400.9157
      10    1429.4011
      11    1453.3958
      12    1427.4212
      13    1438.9216
      14    1455.6252
      15    1458.2001
      16    1493.3086
      17    1470.1690
      18    1440.9282
      19    1414.1022
      20    1464.1329
      21    1482.4496
      22    1463.3626
      23    1483.3365
      24    1453.1222
      25    1478.9915
      26    1505.3549
      27    1480.2122
      28    1509.4540
      29    1472.1976
      30    1462.4374
      31    1469.8140
      32    1448.5851
      33    1425.2450
      34    1402.0884
      35    1364.0577
      36    1426.3559
      37    1364.2283
      38    1436.0074
      39    1398.6554
      40    1432.1275
      41    1464.9783
      42    1476.7222
      43    1471.1015
      44    1460.3648
      45    1446.3768
      46    1423.0634
      47    1414.2134
      48    1390.9982
      49    1435.2755
      50    1408.2653
      51    1398.7615
      52    1412.0501
      53    1433.3296
      54    1418.0958
      55    1432.4108
      56    1444.3399
      57    1399.9065
      58    1437.8353
      59    1481.9733
      60    1461.2970
      61    1395.4954
      62    1401.8987
      63    1434.7575
      64    1417.0698
      65    1425.0468
      66    1439.7862
      67    1460.5417
      68    1409.9241
      69    1408.0164
      70    1396.8995
      71    1410.9887
      72    1406.4146
      73    1494.1178
      74    1475.2906
      75    1510.5840
      76    1452.7775
      77    1450.0738
      78    1430.9719
      79    1434.5421
      80    1458.6342
      81    1498.0424
      82    1491.2064
      83    1423.2649
      84    1416.4095
      85    1401.3450
      86    1345.2345
      87    1352.7458
      88    1375.5292
      89    1393.7457
      90    1339.7161
      91    1380.6453
      92    1363.3141
      93    1366.1667
      94    1431.8457
      95    1379.6508
      96    1399.5826
      97    1380.4347
      98    1344.8630
      99    1382.9952
     100    1369.4738
