Cpptraj Generated trajectory                                                    
  29.880  11.710  18.160
  30.049  11.382  17.598
  28.801  11.064  18.295
  27.894  10.402  18.803
  30.425  10.102  19.083
  30.625  10.625  19.688
  30.987   9.746  19.202
  30.431   9.893  19.622
  31.922  10.679  18.955
  31.161  10.435  19.122
  31.227  10.367  18.119
  30.882  10.279  17.856
  32.426  10.908  16.958
  31.823  11.604  16.673
  31.590  11.254  17.015
  31.660  11.211  17.327
  30.125   9.998  15.836
  30.246   9.342  16.498
  30.557  11.747  19.633
  31.180  11.631  19.985
  31.976  11.386  18.760
  32.752   9.988  18.279
  32.525  10.533  18.267
  32.176  10.338  18.257
  32.339  12.328  19.494
  32.445  11.688  19.781
  32.367  11.740  20.996
  32.997  12.236  19.683
  32.716  12.303  19.604
  33.056  12.430  19.426
  32.418  11.609  19.132
  33.177  12.140  18.363
  32.575  11.907  19.042
  31.841  12.087  19.351
  32.912  11.536  18.659
  33.733  11.144  18.476
  33.503  10.527  18.908
  33.639  11.522  19.746
  32.967  12.012  18.467
  33.628  12.534  18.351
  33.337  11.911  19.456
  33.223  11.696  20.827
  33.414  12.452  18.934
  32.909  11.618  18.985
  32.670  11.653  19.790
  32.643  11.618  19.334
  32.403  11.123  18.148
  32.547  11.672  17.849
  32.102  10.622  18.050
  32.917  10.990  18.193
  31.904  11.371  17.098
  32.200  11.667  17.990
  33.228  12.357  18.308
  32.273  10.724  18.075
  32.507  11.517  18.308
  32.229  11.404  19.658
  31.404  10.926  19.844
  31.825  11.976  18.845
  31.752  11.158  19.759
  32.643  12.039  19.206
  32.085  12.242  20.093
  33.571  13.441  20.422
  33.355  13.576  20.217
  32.816  12.891  20.559
  31.241  11.361  20.976
  32.519  12.213  20.332
  32.205  12.425  20.395
  31.965  13.138  21.091
  32.726  12.807  19.996
  32.116  12.515  20.917
  31.766  12.598  21.208
  32.437  11.741  20.347
  32.400  12.036  20.889
  32.376  12.367  20.331
  31.884  12.650  21.289
  31.259  11.216  20.589
  32.348  11.938  18.828
  33.429  12.575  19.731
  33.333  13.433  21.055
  34.615  12.510  19.656
  32.701  12.455  20.425
  32.110  12.332  19.195
  32.341  11.353  18.640
  32.780  10.912  17.512
  32.898  11.490  19.047
  32.648  11.098  17.920
  32.469  12.036  18.983
  31.674  10.479  18.813
  32.552  11.021  19.111
  32.150  10.744  18.090
  32.161  10.747  18.346
  31.627  10.754  19.144
  32.074  10.495  16.905
  30.639  10.191  18.456
  30.696   9.598  18.810
  30.566   9.843  18.829
  30.472   9.999  17.762
  30.860  10.056  17.034
  31.291  10.548  18.503
  31.686  10.565  19.243
