#Frame       SA_00001
       1    1377.8991
       2    1375.8860
       3    1381.6387
       4    1426.6289
       5    1505.4754
       6    1423.6475
       7    1481.8005
       8    1467.7967
       9    1421.7555
      10    1477.6278
      11    1474.0447
      12    1481.4616
      13    1468.0442
      14    1366.7172
      15    1402.1157
      16    1445.5470
      17    1466.9300
      18    1423.8861
      19    1398.6225
      20    1441.8039
      21    1482.3497
      22    1512.6733
      23    1510.7066
      24    1433.7899
      25    1416.3905
      26    1448.8666
      27    1429.1612
      28    1415.7311
      29    1421.6797
      30    1469.4398
      31    1482.0865
      32    1448.6767
      33    1488.9236
      34    1491.4137
      35    1453.9749
      36    1506.1191
      37    1501.4756
      38    1480.8516
      39    1486.0616
      40    1474.1314
      41    1467.5924
      42    1489.8742
      43    1472.7542
      44    1474.8957
      45    1442.3111
      46    1432.3112
      47    1459.7711
      48    1442.5447
      49    1452.5524
      50    1481.6991
      51    1499.2399
      52    1470.7127
      53    1445.1233
      54    1474.3840
      55    1416.7773
      56    1444.7028
      57    1405.1760
      58    1412.0803
      59    1417.2069
      60    1410.9848
      61    1448.6837
      62    1425.5015
      63    1449.1474
      64    1416.6395
      65    1413.8798
      66    1397.6834
      67    1466.6485
      68    1451.1439
      69    1444.6097
      70    1430.6770
      71    1471.6443
      72    1462.7621
      73    1511.9767
      74    1487.6490
      75    1478.7028
      76    1457.7808
      77    1421.8884
      78    1442.9573
      79    1492.6575
      80    1536.8349
      81    1454.0906
      82    1459.3640
      83    1520.9896
      84    1497.0290
      85    1513.5299
      86    1491.4066
      87    1472.4662
      88    1474.6680
      89    1525.2288
      90    1519.0246
      91    1518.5879
      92    1517.5442
      93    1523.7104
      94    1535.8134
      95    1500.8430
      96    1513.5107
      97    1492.6901
      98    1500.3174
      99    1566.2516
     100    1548.5900
